10000
10004
10008
10012
10016
10020
10024
10028
10032
10036
10040
10044
10048
10052
10056
10060
10064
10068
10072
10076
10080
10084
10088
10092
10096
10100
10104
10108
10112
10116
10120
10124
10128
10132
10136
10140
10144
10148
10152
10156
10160
10164
10168
10172
10176
10180
10184
10188
10192
10196
10200
10208
10212
10220
10224
10228
10232
10236
10240
10244
10252
10256
10260
10264
10268
10272
10276
10280
10284
10288
10300
10308
10312
10316
10320
10324
10328
10332
10336
10340
10344
10348
10352
10356
10360
10364
10368
10372
10380
10384
10388
10392
10396
10400
10404
10408
10412
10416
10420
10424
10428
10432
10436
10440
10448
10452
10456
10460
10464
10468
10472
10476
10480
10484
10492
10496
10500
10504
10508
10516
10520
10524
10540
10584
10588
10592
10596
10600
10604
10608
10612
10616
10620
10624
10628
10632
10636
10640
10644
10648
10652
10656
10660
10664
10668
10672
10676
10680
10684
10688
10692
10696
10700
10704
10708
10712
10720
10724
10728
10736
10740
10744
10748
10752
10756
10760
10764
10768
10772
10776
10788
10792
10796
10800
10804
10808
10816
10820
10828
10832
10836
10840
10844
10848
10852
10856
10860
10864
10868
10872
10876
10880
10884
10888
10892
10896
10900
10904
10908
10912
10916
10920
10924
10928
10932
10936
10940
10944
10948
10952
10956
10960
10964
10968
10972
10976
10980
10984
10988
10992
10996
11000
11004
11008
11012
11016
11020
11024
11028
11032
11036
11044
11048
11052
11064
11072
11076
11084
11088
30948
30952
30956
30960
30964
30968
30972
30980
30984
30988
30992
30996
31000
31072
31080
31084
31088
31092
